508,item1,190,74
529,item2,319,35
517,item3,50,29
543,item4,598,24
500,item5,-20,25
522,item6,900,13
510,item7,120,18
544,item8,0,15
590,item15,120,18
584,item11,-6,15
508,item1,190,74
529,item2,319,35
517,item3,50,29
543,item4,598,24
500,item5,-20,25
522,item6,900,13
510,item7,120,18
544,item8,0,15
590,item15,120,18
584,item11,-6,15
508,item1,190,74
529,item2,319,35
517,item3,50,29
543,item4,598,24
500,item5,-20,25
522,item6,900,13
510,item7,120,18
544,item8,0,15
590,item15,120,18
584,item11,-6,15
508,item1,190,74
529,item2,319,35
517,item3,50,29
543,item4,598,24
500,item5,-20,25
522,item6,900,13
510,item7,120,18
544,item8,0,15
590,item15,120,18
584,item11,-6,15
508,item1,190,74
529,item2,319,35
517,item3,50,29
543,item4,598,24
500,item5,-20,25
522,item6,900,13
510,item7,120,18
544,item8,0,15
590,item15,120,18
584,item11,-6,15
508,item1,190,74
529,item2,319,35
517,item3,50,29
543,item4,598,24
500,item5,-20,25
522,item6,900,13
510,item7,120,18
544,item8,0,15
590,item15,120,18
584,item11,-6,15
508,item1,190,74
529,item2,319,35
517,item3,50,29
543,item4,598,24
500,item5,-20,25
522,item6,900,13
510,item7,120,18
544,item8,0,15
590,item15,120,18
584,item11,-6,15
508,item1,190,74
529,item2,319,35
517,item3,50,29
543,item4,598,24
500,item5,-20,25
522,item6,900,13
510,item7,120,18
544,item8,0,15
590,item15,120,18
584,item11,-6,15
508,item1,190,74
529,item2,319,35
517,item3,50,29
543,item4,598,24
500,item5,-20,25
522,item6,900,13
510,item7,120,18
544,item8,0,15
590,item15,120,18
584,item11,-6,15
508,item1,190,74
529,item2,319,35
517,item3,50,29
543,item4,598,24
500,item5,-20,25
522,item6,900,13
510,item7,120,18
544,item8,0,15
590,item15,120,18
584,item11,-6,15
508,item1,190,74
529,item2,319,35
517,item3,50,29
543,item4,598,24
500,item5,-20,25
522,item6,900,13
510,item7,120,18
544,item8,0,15
590,item15,120,18
584,item11,-6,15
508,item1,190,74
529,item2,319,35
517,item3,50,29
543,item4,598,24
500,item5,-20,25
522,item6,900,13
510,item7,120,18
544,item8,0,15
590,item15,120,18
584,item11,-6,15
